0: ['F GO:0004784', 'P GO:0019430', 'F GO:0005507', 'F GO:0008270']
1: []
2: []
3: ['C GO:0005743', 'F GO:0016532', 'C GO:0005829', 'C GO:0005634']
4: []
5: []
6: []
7: []
8: []
9: []
10: []
11: []
12: []
13: []
14: []
15: []
16: []
17: ['C GO:0005829', 'F GO:0016532', 'F GO:0008270', 'F GO:0004784', 'P GO:0019430', 'C GO:0005743', 'P GO:0015680']
18: ['P GO:0019430', 'F GO:0016532', 'C GO:0005743', 'F GO:0008270', 'C GO:0005829', 'F GO:0004784', 'C GO:0005634']
19: ['C GO:0005829', 'C GO:0005634', 'F GO:0004784', 'F GO:0016532', 'P GO:0019430', 'F GO:0008270', 'C GO:0005743']
20: []
21: ['P GO:0019430', 'F GO:0008270', 'F GO:0004784', 'F GO:0016532', 'F GO:0005507', 'C GO:0005743', 'C GO:0005634', 'C GO:0005829', 'P GO:0015680']
22: ['C GO:0005743', 'F GO:0004784', 'C GO:0005634', 'P GO:0019430', 'P GO:0015680', 'F GO:0008270', 'C GO:0005829']
23: []
24: ['F GO:0016532', 'F GO:0008270', 'F GO:0004784', 'F GO:0005507', 'C GO:0005743', 'P GO:0015680', 'P GO:0019430', 'C GO:0005634', 'C GO:0005829']
25: ['C GO:0005829', 'P GO:0015680', 'F GO:0005507', 'P GO:0019430', 'F GO:0004784', 'C GO:0005743', 'F GO:0016532', 'C GO:0005634', 'F GO:0008270']
26: ['P GO:0019430', 'C GO:0005634', 'C GO:0005829', 'C GO:0005743', 'F GO:0004784', 'F GO:0008270', 'F GO:0016532']
27: ['C GO:0005829', 'C GO:0005743', 'P GO:0019430', 'F GO:0008270', 'C GO:0005634', 'F GO:0004784', 'F GO:0016532']
28: []
29: ['F GO:0008270', 'C GO:0005634', 'C GO:0005743', 'C GO:0005829', 'F GO:0016532', 'P GO:0019430', 'F GO:0004784']
30: ['P GO:0015680', 'P GO:0019430', 'F GO:0005507', 'C GO:0005829', 'F GO:0004784', 'C GO:0005743', 'F GO:0016532', 'F GO:0008270', 'C GO:0005634']
31: ['P GO:0019430', 'C GO:0005829', 'F GO:0008270', 'C GO:0005743', 'C GO:0005634', 'F GO:0016532', 'F GO:0004784']
32: ['P GO:0019430', 'F GO:0016532', 'F GO:0008270', 'F GO:0004784', 'C GO:0005634', 'C GO:0005743', 'C GO:0005829']
33: []
34: []
35: ['P GO:0019430', 'C GO:0005829', 'C GO:0005743', 'C GO:0005634', 'F GO:0008270', 'F GO:0004784']
36: ['P GO:0019430', 'F GO:0016532', 'C GO:0005634', 'F GO:0004784', 'C GO:0005829', 'F GO:0008270', 'C GO:0005743']
37: ['F GO:0004784', 'C GO:0005634', 'F GO:0016532', 'F GO:0008270', 'C GO:0005743', 'C GO:0005829', 'P GO:0019430']
38: ['C GO:0005634', 'F GO:0016532', 'C GO:0005743', 'F GO:0004784', 'F GO:0008270', 'C GO:0005829', 'P GO:0019430']
39: []
40: []
41: []
42: []
43: []
44: []
45: ['F GO:0008270', 'F GO:0004784', 'P GO:0019430']
46: ['P GO:0015680', 'F GO:0008270', 'F GO:0005507', 'P GO:0019430', 'F GO:0016532', 'C GO:0005829', 'C GO:0005743', 'C GO:0005634', 'F GO:0004784']
47: ['C GO:0005634', 'F GO:0004784', 'C GO:0005743', 'F GO:0016532', 'F GO:0008270', 'P GO:0019430', 'C GO:0005829']
48: ['P GO:0019430', 'F GO:0016532', 'C GO:0005829', 'F GO:0004784', 'F GO:0008270', 'C GO:0005634', 'C GO:0005743']
49: []
50: ['F GO:0005507', 'C GO:0005743', 'F GO:0016532', 'P GO:0015680', 'F GO:0004784', 'P GO:0019430', 'C GO:0005829', 'C GO:0005634', 'F GO:0008270']
51: []
52: []
53: ['C GO:0005634', 'F GO:0016532', 'P GO:0015680', 'P GO:0019430', 'F GO:0005507', 'F GO:0004784', 'C GO:0005743', 'F GO:0008270', 'C GO:0005829']
54: ['C GO:0005634', 'F GO:0004784', 'F GO:0016532', 'C GO:0005743', 'P GO:0019430', 'C GO:0005829', 'F GO:0008270']
55: ['F GO:0004784', 'F GO:0016532', 'C GO:0005829', 'C GO:0005634', 'P GO:0019430', 'F GO:0008270', 'C GO:0005743']
56: ['C GO:0005743', 'F GO:0008270', 'P GO:0019430', 'P GO:0015680', 'F GO:0004784']
57: ['C GO:0005743', 'F GO:0008270', 'P GO:0019430', 'C GO:0005634', 'F GO:0004784', 'F GO:0016532', 'C GO:0005829']
58: []
59: ['P GO:0015680', 'P GO:0019430', 'C GO:0005829', 'F GO:0005507', 'C GO:0005743', 'F GO:0004784', 'C GO:0005634', 'F GO:0008270', 'F GO:0016532']
60: ['C GO:0005829', 'F GO:0008270', 'C GO:0005743', 'C GO:0005634', 'P GO:0019430', 'F GO:0016532', 'F GO:0004784']
61: []
62: ['C GO:0009507']
63: ['C GO:0005829', 'F GO:0004784', 'C GO:0005634', 'F GO:0005507', 'P GO:0015680', 'F GO:0008270', 'F GO:0016532', 'P GO:0019430', 'C GO:0009507', 'C GO:0005743']
64: ['C GO:0005829', 'P GO:0019430', 'F GO:0016532', 'F GO:0008270', 'C GO:0009507', 'F GO:0004784', 'C GO:0005743', 'C GO:0005634']
65: []
66: ['C GO:0005634', 'C GO:0005829', 'C GO:0005743', 'F GO:0008270', 'F GO:0004784', 'P GO:0019430', 'F GO:0016532']
67: ['F GO:0016532', 'C GO:0005829', 'P GO:0019430', 'F GO:0004784', 'C GO:0005743', 'C GO:0005634', 'F GO:0008270']
68: ['C GO:0005829', 'F GO:0016532', 'P GO:0019430', 'F GO:0008270', 'C GO:0005634', 'F GO:0004784', 'C GO:0005743']
69: []
70: []
71: []
72: []
73: []
74: []
75: []
76: ['F GO:0008270', 'F GO:0005507', 'P GO:0019430']
77: ['P GO:0019430', 'F GO:0004784', 'F GO:0005507', 'F GO:0008270']
78: []
79: ['F GO:0005507', 'P GO:0019430', 'F GO:0008270', 'F GO:0004784']
80: ['P GO:0019430', 'F GO:0005507', 'F GO:0004784', 'F GO:0008270']
81: ['F GO:0005507', 'P GO:0019430', 'F GO:0004784', 'F GO:0008270']
82: []
83: ['F GO:0005507', 'F GO:0004784', 'P GO:0019430', 'F GO:0008270']
84: ['F GO:0004784', 'P GO:0019430', 'F GO:0005507', 'F GO:0008270']
85: ['F GO:0004784', 'P GO:0019430', 'F GO:0005507', 'F GO:0008270']
86: ['P GO:0019430', 'F GO:0005507', 'F GO:0004784', 'F GO:0008270']
87: ['F GO:0008270', 'F GO:0005507', 'F GO:0004784', 'P GO:0019430']
88: ['F GO:0004784', 'F GO:0005507', 'F GO:0008270', 'P GO:0019430']
89: ['F GO:0004784', 'F GO:0005507', 'P GO:0019430', 'F GO:0008270']
90: ['F GO:0004784', 'F GO:0005507', 'P GO:0019430', 'F GO:0008270']
91: ['P GO:0019430', 'F GO:0008270', 'F GO:0005507', 'F GO:0004784']
92: ['F GO:0008270', 'P GO:0019430', 'F GO:0004784', 'F GO:0005507']
93: ['P GO:0019430', 'F GO:0008270', 'F GO:0004784', 'F GO:0005507']
94: ['P GO:0019430', 'F GO:0004784', 'F GO:0005507', 'F GO:0008270']
95: ['F GO:0004784', 'P GO:0019430', 'F GO:0008270', 'F GO:0005507']
96: []
97: ['C GO:0005829', 'C GO:0005739', 'C GO:0005634']
98: []
99: []
100: []
101: ['C GO:0005634', 'C GO:0005829', 'P GO:0019430', 'F GO:0008270', 'C GO:0005739', 'F GO:0005507', 'F GO:0004784']
102: []
103: ['C GO:0005829', 'P GO:0019430', 'C GO:0005739', 'C GO:0005634', 'F GO:0004784', 'F GO:0008270', 'F GO:0005507']
104: []
105: ['C GO:0005634', 'F GO:0005507', 'C GO:0005739', 'C GO:0005829', 'F GO:0008270', 'P GO:0019430']
106: []
107: ['F GO:0008270', 'P GO:0019430', 'F GO:0004784', 'F GO:0005507', 'C GO:0005739', 'C GO:0005634', 'C GO:0005829']
108: ['F GO:0008270', 'P GO:0019430', 'C GO:0005739', 'C GO:0005634', 'C GO:0005829', 'F GO:0004784', 'F GO:0005507']
109: ['P GO:0019430', 'C GO:0005739', 'C GO:0005634', 'C GO:0005829', 'F GO:0004784', 'F GO:0005507', 'F GO:0008270']
110: ['P GO:0019430', 'F GO:0005507', 'C GO:0005634', 'C GO:0005829', 'F GO:0004784', 'C GO:0005739', 'F GO:0008270']
111: ['C GO:0005634', 'F GO:0008270', 'C GO:0005829', 'P GO:0019430', 'C GO:0005739', 'F GO:0004784', 'F GO:0005507']
112: []
113: []
114: []
115: []
116: []
117: []
118: ['C GO:0005615', 'C GO:0031012']
119: []
120: ['C GO:0005886']
121: []
122: []
123: []
124: []
125: ['F GO:0004784', 'F GO:0005507', 'C GO:0005634', 'C GO:0005739', 'P GO:0019430', 'F GO:0008270', 'C GO:0005829']
126: ['C GO:0031012', 'F GO:0008270', 'C GO:0005615', 'C GO:0005739', 'F GO:0005507', 'C GO:0005634', 'F GO:0004784', 'P GO:0019430', 'C GO:0005829']
127: ['F GO:0005507', 'P GO:0019430', 'C GO:0005615', 'C GO:0005634', 'C GO:0005829', 'C GO:0031012', 'F GO:0004784', 'C GO:0005739', 'F GO:0008270']
128: []
129: ['F GO:0005507', 'C GO:0005739', 'P GO:0019430', 'C GO:0005829', 'C GO:0005634', 'F GO:0008270']
130: ['P GO:0019430', 'C GO:0005739', 'C GO:0005829', 'F GO:0005507', 'F GO:0008270']
131: []
132: ['C GO:0005615', 'C GO:0005829', 'C GO:0031012', 'F GO:0004784', 'P GO:0019430', 'C GO:0005739', 'F GO:0008270', 'F GO:0005507', 'C GO:0005634']
133: ['C GO:0005829', 'C GO:0031012', 'P GO:0019430', 'C GO:0005739', 'C GO:0005615', 'C GO:0005634', 'F GO:0008270', 'F GO:0004784', 'F GO:0005507']
134: ['C GO:0005634', 'F GO:0004784', 'C GO:0005829', 'F GO:0008270', 'F GO:0005507', 'C GO:0005615', 'P GO:0019430', 'C GO:0005739', 'C GO:0031012']
135: ['C GO:0005829', 'C GO:0005634', 'F GO:0005507', 'F GO:0004784', 'C GO:0005615', 'C GO:0005739', 'C GO:0031012', 'P GO:0019430', 'F GO:0008270']
136: ['C GO:0005829', 'F GO:0008270', 'C GO:0005634', 'C GO:0005615', 'C GO:0031012', 'P GO:0019430', 'F GO:0004784', 'F GO:0005507', 'C GO:0005739']
137: []
138: ['F GO:0004784', 'C GO:0005739', 'F GO:0005507', 'F GO:0008270', 'P GO:0019430', 'C GO:0005829', 'C GO:0005634']
139: []
140: ['F GO:0008270', 'F GO:0005507', 'F GO:0004784', 'C GO:0005634', 'C GO:0005739', 'P GO:0019430', 'C GO:0005829']
141: ['F GO:0008270', 'C GO:0005739', 'C GO:0005829', 'F GO:0005507', 'F GO:0004784', 'P GO:0019430', 'C GO:0005634']
142: ['F GO:0005507', 'P GO:0019430', 'F GO:0008270', 'C GO:0005739', 'F GO:0004784', 'C GO:0005634', 'C GO:0005829']
143: []
144: []
145: []
146: []
147: []
148: []
149: []
150: []
151: ['P GO:0019430']
152: ['C GO:0005634', 'F GO:0004784', 'F GO:0008270', 'C GO:0005829', 'P GO:0019430', 'F GO:0005507', 'C GO:0005739']
153: ['F GO:0008270', 'F GO:0005507', 'F GO:0004784', 'C GO:0005739', 'C GO:0005829', 'P GO:0019430', 'C GO:0005634']
154: []
155: ['F GO:0008270', 'C GO:0005634', 'C GO:0005829', 'F GO:0005507']
156: ['C GO:0005829', 'F GO:0008270']
157: []
158: []
159: ['C GO:0005739', 'F GO:0004784', 'F GO:0005507', 'C GO:0005634', 'P GO:0019430', 'C GO:0005829', 'F GO:0008270']
160: ['C GO:0005634', 'F GO:0005507', 'P GO:0019430', 'C GO:0005739', 'F GO:0004784', 'C GO:0005829']
161: ['P GO:0019430', 'C GO:0005739', 'F GO:0004784', 'C GO:0005634', 'F GO:0005507', 'C GO:0005829', 'F GO:0008270']
162: ['F GO:0005507', 'C GO:0005739', 'C GO:0005634', 'F GO:0004784', 'C GO:0005829', 'F GO:0008270', 'P GO:0019430']
163: ['C GO:0005634', 'F GO:0005507', 'F GO:0008270', 'C GO:0005739', 'C GO:0005829', 'F GO:0004784', 'P GO:0019430']
164: ['C GO:0005739', 'C GO:0005634', 'C GO:0005829', 'F GO:0004784', 'F GO:0008270', 'P GO:0019430', 'F GO:0005507']
165: []
166: ['C GO:0005829', 'F GO:0004784', 'C GO:0005634', 'F GO:0005507', 'C GO:0005739', 'P GO:0019430', 'F GO:0008270']
167: ['F GO:0008270', 'C GO:0005634', 'F GO:0005507', 'P GO:0019430', 'C GO:0005739', 'C GO:0005829']
168: []
169: ['P GO:0019430', 'C GO:0005739', 'C GO:0005829', 'F GO:0004784', 'F GO:0005507', 'C GO:0005634', 'F GO:0008270']
170: ['C GO:0005634', 'C GO:0005739', 'C GO:0005829', 'F GO:0004784', 'F GO:0005507', 'F GO:0008270', 'P GO:0019430']
171: ['C GO:0005634', 'F GO:0005507', 'C GO:0005829', 'F GO:0004784', 'P GO:0019430', 'C GO:0005739', 'F GO:0008270']
172: ['F GO:0008270', 'C GO:0005739', 'F GO:0004784', 'F GO:0005507', 'C GO:0005634', 'P GO:0019430', 'C GO:0005829']
173: []
174: ['P GO:0019430', 'F GO:0005507', 'F GO:0004784', 'F GO:0008270', 'C GO:0005634', 'C GO:0005829', 'C GO:0005739']
175: ['F GO:0004784', 'C GO:0005739', 'F GO:0005507', 'F GO:0008270', 'C GO:0005634', 'C GO:0005829', 'P GO:0019430']
176: ['C GO:0005739', 'F GO:0004784', 'F GO:0008270', 'C GO:0005634', 'F GO:0005507', 'P GO:0019430', 'C GO:0005829']
177: []
178: []
179: []
180: []
181: ['P GO:0019430', 'C GO:0005739', 'C GO:0005634', 'F GO:0004784', 'F GO:0005507', 'C GO:0005829', 'F GO:0008270']
182: ['F GO:0008270', 'C GO:0005634']
183: []
184: ['C GO:0005829', 'F GO:0004784', 'P GO:0019430', 'F GO:0008270', 'F GO:0005507', 'C GO:0005634', 'C GO:0005739']
185: ['F GO:0005507', 'F GO:0008270', 'C GO:0005739', 'C GO:0005829', 'F GO:0004784', 'C GO:0005634', 'P GO:0019430']
186: []
187: ['C GO:0005739', 'P GO:0019430', 'F GO:0004784', 'F GO:0008270', 'F GO:0005507', 'C GO:0005829', 'C GO:0005634']
188: ['F GO:0008270', 'C GO:0005634', 'F GO:0004784', 'C GO:0005739', 'C GO:0005829', 'P GO:0019430', 'F GO:0005507']
189: []
190: []
191: ['C GO:0005739', 'F GO:0005507', 'C GO:0005634', 'P GO:0019430', 'F GO:0004784', 'C GO:0005829', 'F GO:0008270']
192: ['P GO:0019430', 'C GO:0005829', 'F GO:0008270', 'C GO:0005739', 'F GO:0004784', 'F GO:0005507', 'C GO:0005634', 'C GO:0015629']
193: []
194: []
195: []
196: []
197: ['C GO:0005739', 'P GO:0019430', 'F GO:0008270', 'C GO:0005829', 'F GO:0004784', 'C GO:0005634', 'F GO:0005507']
198: ['P GO:0019430', 'C GO:0005829', 'F GO:0005507', 'C GO:0005739', 'C GO:0005634', 'F GO:0004784', 'F GO:0008270']
199: []
200: ['C GO:0005634', 'C GO:0005829', 'F GO:0008270', 'C GO:0005739', 'F GO:0005507']
201: []
202: ['P GO:0019430', 'F GO:0005507', 'C GO:0005634', 'C GO:0005829', 'F GO:0004784', 'F GO:0008270', 'C GO:0005739']
203: ['F GO:0005507', 'C GO:0005739', 'F GO:0008270', 'P GO:0019430', 'C GO:0005829', 'F GO:0004784', 'C GO:0005634']
204: []
205: ['C GO:0005739', 'C GO:0005829', 'F GO:0004784', 'F GO:0005507', 'F GO:0008270', 'C GO:0005634', 'P GO:0019430']
206: ['F GO:0008270', 'F GO:0004784', 'F GO:0005507', 'C GO:0005829', 'P GO:0019430', 'C GO:0005739', 'C GO:0005634']
207: ['F GO:0004784', 'C GO:0005634', 'C GO:0005829', 'F GO:0005507', 'C GO:0005739', 'F GO:0008270', 'P GO:0019430']
208: ['F GO:0005507', 'C GO:0005829', 'F GO:0008270', 'F GO:0004784', 'C GO:0005634', 'P GO:0019430', 'C GO:0005739']
209: ['P GO:0019430', 'C GO:0005829', 'C GO:0005634', 'F GO:0004784', 'F GO:0005507', 'C GO:0005739', 'F GO:0008270']
210: ['C GO:0005634', 'P GO:0019430', 'C GO:0005829', 'F GO:0004784', 'F GO:0008270', 'F GO:0005507', 'C GO:0005739']
211: ['F GO:0004784', 'C GO:0005829', 'F GO:0008270', 'C GO:0005634', 'C GO:0005739', 'P GO:0019430', 'F GO:0005507']
212: []
213: ['F GO:0008270', 'C GO:0005739', 'F GO:0005507', 'C GO:0005829', 'P GO:0019430', 'F GO:0004784', 'C GO:0005634']
214: ['C GO:0005829', 'F GO:0005507', 'F GO:0004784', 'P GO:0019430', 'C GO:0005634', 'C GO:0005739', 'F GO:0008270']
215: ['F GO:0004784', 'F GO:0008270', 'C GO:0005829', 'C GO:0005739', 'C GO:0005634', 'F GO:0005507', 'P GO:0019430']
216: ['C GO:0005739', 'P GO:0019430', 'F GO:0008270', 'C GO:0005634', 'F GO:0004784', 'C GO:0005829', 'F GO:0005507']
217: ['C GO:0005634', 'C GO:0005739', 'C GO:0005829', 'F GO:0004784', 'F GO:0008270', 'F GO:0005507', 'P GO:0019430']
218: ['P GO:0019430', 'C GO:0005634', 'F GO:0005507', 'C GO:0005829', 'F GO:0004784', 'F GO:0008270', 'C GO:0005739']
219: []
220: ['P GO:0019430', 'C GO:0005739', 'F GO:0005507', 'C GO:0005829', 'F GO:0004784', 'F GO:0008270', 'C GO:0005634']
221: ['P GO:0019430', 'C GO:0005829', 'F GO:0008270', 'C GO:0005739', 'F GO:0005507', 'C GO:0005634', 'F GO:0004784']
222: ['C GO:0005634', 'C GO:0005739', 'P GO:0019430', 'F GO:0008270', 'C GO:0005829', 'F GO:0004784', 'F GO:0005507']
223: ['C GO:0005829', 'C GO:0005634', 'F GO:0004784', 'F GO:0008270', 'C GO:0005739', 'F GO:0005507', 'P GO:0019430']
224: []
225: ['C GO:0005739', 'F GO:0008270', 'C GO:0005634', 'F GO:0005507', 'F GO:0004784', 'C GO:0005829', 'P GO:0019430']
226: ['C GO:0005829', 'F GO:0004784', 'F GO:0005507', 'C GO:0005634', 'P GO:0019430', 'C GO:0005739', 'F GO:0008270']
227: ['F GO:0008270', 'C GO:0005634', 'F GO:0005507', 'C GO:0005739', 'F GO:0004784', 'P GO:0019430', 'C GO:0005829']
228: []
229: []
230: []
231: []
232: []
233: []
234: ['C GO:0005829', 'C GO:0005739', 'F GO:0004784', 'F GO:0005507', 'C GO:0005634', 'F GO:0008270', 'P GO:0019430']
235: ['F GO:0008270', 'C GO:0005829', 'F GO:0005507', 'C GO:0005634', 'F GO:0004784', 'C GO:0005739', 'P GO:0019430']
236: ['C GO:0005739', 'P GO:0019430', 'F GO:0005507', 'F GO:0008270', 'C GO:0005829', 'C GO:0005634', 'F GO:0004784']
237: []
238: ['F GO:0005507', 'F GO:0008270', 'C GO:0005829', 'C GO:0005739', 'C GO:0005634', 'F GO:0004784', 'P GO:0019430']
239: ['C GO:0005739', 'F GO:0005507', 'C GO:0005829', 'P GO:0019430', 'C GO:0005634', 'F GO:0004784', 'F GO:0008270']
240: []
241: []
242: []
243: []
244: ['F GO:0005507', 'P GO:0019430', 'F GO:0008270']
245: ['P GO:0019430', 'C GO:0005634', 'F GO:0005507', 'F GO:0004784', 'C GO:0005739', 'F GO:0008270', 'C GO:0005829']
246: ['F GO:0008270', 'F GO:0004784', 'C GO:0005634', 'C GO:0005829', 'P GO:0019430', 'F GO:0005507', 'C GO:0005739', 'C GO:0005886']
247: ['C GO:0005634', 'C GO:0005829', 'C GO:0005739', 'F GO:0008270', 'P GO:0019430', 'F GO:0005507', 'F GO:0004784']
248: []
249: ['C GO:0005739', 'F GO:0004784', 'C GO:0005634', 'P GO:0019430', 'F GO:0005507', 'F GO:0008270', 'C GO:0005829']
250: []
251: []
252: ['F GO:0004784', 'C GO:0005829', 'F GO:0005507', 'P GO:0019430', 'C GO:0005739', 'F GO:0008270', 'C GO:0005634']
253: ['F GO:0004784', 'F GO:0005507', 'C GO:0005634', 'C GO:0005739', 'F GO:0008270', 'P GO:0019430', 'C GO:0005829']
254: ['F GO:0008270', 'P GO:0019430', 'F GO:0004784', 'C GO:0005829', 'F GO:0005507', 'C GO:0005634', 'C GO:0005739']
255: ['F GO:0008270', 'C GO:0005739', 'F GO:0005507']
256: ['F GO:0004784', 'P GO:0019430', 'C GO:0005739', 'C GO:0005829', 'F GO:0005507', 'C GO:0005634', 'F GO:0008270']
257: ['F GO:0004784', 'C GO:0005829', 'P GO:0019430', 'F GO:0008270', 'F GO:0005507', 'C GO:0005739', 'C GO:0005634']
258: []
259: []
260: []
261: ['F GO:0005507', 'P GO:0019430', 'F GO:0004784', 'F GO:0008270']
262: ['F GO:0008270', 'F GO:0005507', 'P GO:0019430']
263: []
264: ['F GO:0008270', 'F GO:0004784', 'P GO:0019430', 'F GO:0005507']
265: ['F GO:0004784', 'F GO:0008270', 'P GO:0019430', 'F GO:0005507']
266: ['F GO:0004784', 'F GO:0005507', 'P GO:0019430', 'F GO:0008270']
267: ['P GO:0019430', 'F GO:0005507', 'F GO:0008270', 'F GO:0004784']
268: ['P GO:0019430', 'F GO:0004784', 'F GO:0008270', 'F GO:0005507']
269: []
270: []
271: ['F GO:0008270', 'F GO:0004784', 'P GO:0019430', 'F GO:0005507']
272: ['F GO:0008270', 'F GO:0005507', 'P GO:0019430', 'F GO:0004784']
273: ['P GO:0019430', 'F GO:0008270', 'F GO:0005507']
274: []
275: ['F GO:0008270', 'P GO:0019430', 'F GO:0004784', 'F GO:0005507', 'C GO:0005615']
276: ['F GO:0005507', 'P GO:0019430', 'F GO:0004784', 'F GO:0008270']
277: ['F GO:0008270', 'P GO:0019430', 'F GO:0005507', 'F GO:0004784']
278: ['F GO:0004784', 'F GO:0008270', 'P GO:0019430', 'F GO:0005507']
279: []
280: []
281: ['P GO:0019430', 'F GO:0005507', 'F GO:0004784', 'F GO:0008270']
282: ['F GO:0004784', 'F GO:0005507', 'F GO:0008270', 'P GO:0019430']
283: ['F GO:0004784', 'P GO:0019430', 'F GO:0005507', 'F GO:0008270']
284: []
285: []
286: []
287: ['P GO:0019430', 'F GO:0005507', 'F GO:0008270', 'F GO:0004784']
288: ['F GO:0005507', 'P GO:0019430', 'F GO:0004784', 'F GO:0008270']
289: []
290: ['P GO:0019430', 'F GO:0005507', 'F GO:0004784', 'F GO:0008270']
291: ['F GO:0004784', 'F GO:0005507', 'P GO:0019430', 'F GO:0008270']
292: []
293: []
294: []
295: ['P GO:0019430', 'F GO:0005507', 'F GO:0008270', 'F GO:0004784']
296: ['F GO:0008270', 'P GO:0019430', 'F GO:0005507', 'F GO:0004784']
297: []
298: ['F GO:0008270', 'F GO:0004784', 'F GO:0005507', 'P GO:0019430']
299: ['P GO:0019430', 'F GO:0008270', 'F GO:0005507', 'F GO:0004784']
300: []
301: ['F GO:0004784', 'P GO:0019430', 'F GO:0008270', 'F GO:0005507']
302: ['P GO:0019430', 'F GO:0005507', 'F GO:0004784', 'F GO:0008270']
303: ['F GO:0008270', 'F GO:0005507', 'F GO:0004784', 'P GO:0019430']
304: ['C GO:0042597']
305: ['F GO:0005507', 'C GO:0042597', 'F GO:0008270', 'F GO:0004784', 'P GO:0019430', 'P GO:0045909']
306: ['P GO:0019430', 'C GO:0042597', 'F GO:0008270', 'F GO:0005507']
307: []
308: ['C GO:0042597', 'F GO:0008270', 'F GO:0004784', 'F GO:0005507', 'P GO:0019430']
309: ['C GO:0042597', 'F GO:0008270', 'P GO:0019430', 'F GO:0004784', 'F GO:0005507']
310: []
311: ['F GO:0005507', 'F GO:0004784', 'C GO:0042597', 'F GO:0008270', 'P GO:0019430']
312: ['C GO:0042597', 'P GO:0019430', 'F GO:0008270', 'F GO:0004784', 'F GO:0005507']
313: []
314: ['F GO:0005507', 'C GO:0042597', 'F GO:0008270', 'F GO:0004784', 'P GO:0019430']
315: ['F GO:0008270', 'F GO:0005507', 'C GO:0042597', 'F GO:0004784', 'P GO:0019430']
316: []
317: ['F GO:0005507', 'C GO:0042597', 'F GO:0004784', 'P GO:0019430', 'F GO:0008270']
318: ['F GO:0005507', 'C GO:0042597', 'F GO:0004784', 'P GO:0019430', 'F GO:0008270']
