0: []
1: ['GO:0004430', 'GO:0005886', 'GO:0016020', 'GO:0005623', 'GO:0044464', 'GO:0005575', 'GO:0004428', 'GO:0016773', 'GO:0003824', 'GO:0016301', 'GO:0016740', 'GO:0016772', 'GO:0003674']
2: []
3: []
4: []
5: []
6: []
7: []
8: []
9: []
10: []
11: []
12: []
13: []
14: []
15: []
16: []
17: []
18: ['GO:0004430', 'GO:0005886', 'GO:0016020', 'GO:0005623', 'GO:0044464', 'GO:0005575', 'GO:0004428', 'GO:0016773', 'GO:0003824', 'GO:0016301', 'GO:0016740', 'GO:0016772', 'GO:0003674']
19: ['GO:0005886', 'GO:0004430', 'GO:0004428', 'GO:0016773', 'GO:0003824', 'GO:0016301', 'GO:0016740', 'GO:0016772', 'GO:0003674', 'GO:0016020', 'GO:0005623', 'GO:0044464', 'GO:0005575']
20: ['GO:0005886', 'GO:0004430', 'GO:0004428', 'GO:0016773', 'GO:0003824', 'GO:0016301', 'GO:0016740', 'GO:0016772', 'GO:0003674', 'GO:0016020', 'GO:0005623', 'GO:0044464', 'GO:0005575']
21: []
22: ['GO:0004430', 'GO:0005886', 'GO:0016020', 'GO:0005623', 'GO:0044464', 'GO:0005575', 'GO:0004428', 'GO:0016773', 'GO:0003824', 'GO:0016301', 'GO:0016740', 'GO:0016772', 'GO:0003674']
23: ['GO:0005886', 'GO:0016020', 'GO:0005623', 'GO:0044464', 'GO:0005575']
24: []
25: ['GO:0005886', 'GO:0004430', 'GO:0004428', 'GO:0016773', 'GO:0003824', 'GO:0016301', 'GO:0016740', 'GO:0016772', 'GO:0003674', 'GO:0016020', 'GO:0005623', 'GO:0044464', 'GO:0005575']
26: ['GO:0005886', 'GO:0004430', 'GO:0004428', 'GO:0016773', 'GO:0003824', 'GO:0016301', 'GO:0016740', 'GO:0016772', 'GO:0003674', 'GO:0016020', 'GO:0005623', 'GO:0044464', 'GO:0005575']
27: ['GO:0005886', 'GO:0004430', 'GO:0004428', 'GO:0016773', 'GO:0003824', 'GO:0016301', 'GO:0016740', 'GO:0016772', 'GO:0003674', 'GO:0016020', 'GO:0005623', 'GO:0044464', 'GO:0005575']
28: ['GO:0004430', 'GO:0005886', 'GO:0016020', 'GO:0005623', 'GO:0044464', 'GO:0005575', 'GO:0004428', 'GO:0016773', 'GO:0003824', 'GO:0016301', 'GO:0016740', 'GO:0016772', 'GO:0003674']
29: ['GO:0005886', 'GO:0004430', 'GO:0004428', 'GO:0016773', 'GO:0003824', 'GO:0016301', 'GO:0016740', 'GO:0016772', 'GO:0003674', 'GO:0016020', 'GO:0005623', 'GO:0044464', 'GO:0005575']
30: ['GO:0004430', 'GO:0005886', 'GO:0016020', 'GO:0005623', 'GO:0044464', 'GO:0005575', 'GO:0004428', 'GO:0016773', 'GO:0003824', 'GO:0016301', 'GO:0016740', 'GO:0016772', 'GO:0003674']
31: []
32: []
33: ['GO:0005886', 'GO:0004430', 'GO:0004428', 'GO:0016773', 'GO:0003824', 'GO:0016301', 'GO:0016740', 'GO:0016772', 'GO:0003674', 'GO:0016020', 'GO:0005623', 'GO:0044464', 'GO:0005575']
34: ['GO:0004430', 'GO:0005886', 'GO:0016020', 'GO:0005623', 'GO:0044464', 'GO:0005575', 'GO:0004428', 'GO:0016773', 'GO:0003824', 'GO:0016301', 'GO:0016740', 'GO:0016772', 'GO:0003674']
35: []
36: ['GO:0004430', 'GO:0005886', 'GO:0016020', 'GO:0005623', 'GO:0044464', 'GO:0005575', 'GO:0004428', 'GO:0016773', 'GO:0003824', 'GO:0016301', 'GO:0016740', 'GO:0016772', 'GO:0003674']
37: ['GO:0004430', 'GO:0005886', 'GO:0016020', 'GO:0005623', 'GO:0044464', 'GO:0005575', 'GO:0004428', 'GO:0016773', 'GO:0003824', 'GO:0016301', 'GO:0016740', 'GO:0016772', 'GO:0003674']
38: ['GO:0005886', 'GO:0004430', 'GO:0004428', 'GO:0016773', 'GO:0003824', 'GO:0016301', 'GO:0016740', 'GO:0016772', 'GO:0003674', 'GO:0016020', 'GO:0005623', 'GO:0044464', 'GO:0005575']
39: []
40: ['GO:0004430', 'GO:0005886', 'GO:0047372', 'GO:0016298', 'GO:0004091', 'GO:0003674', 'GO:0016787', 'GO:0003824', 'GO:0016788', 'GO:0016020', 'GO:0005623', 'GO:0044464', 'GO:0005575', 'GO:0004428', 'GO:0016773', 'GO:0016301', 'GO:0016740', 'GO:0016772']
41: ['GO:0004430', 'GO:0005886', 'GO:0016020', 'GO:0005623', 'GO:0044464', 'GO:0005575', 'GO:0004428', 'GO:0016773', 'GO:0003824', 'GO:0016301', 'GO:0016740', 'GO:0016772', 'GO:0003674']
42: []
43: []
44: ['GO:0004430', 'GO:0005886', 'GO:0016020', 'GO:0005623', 'GO:0044464', 'GO:0005575', 'GO:0004428', 'GO:0016773', 'GO:0003824', 'GO:0016301', 'GO:0016740', 'GO:0016772', 'GO:0003674']
45: ['GO:0004430', 'GO:0005886', 'GO:0016020', 'GO:0005623', 'GO:0044464', 'GO:0005575', 'GO:0004428', 'GO:0016773', 'GO:0003824', 'GO:0016301', 'GO:0016740', 'GO:0016772', 'GO:0003674']
46: []
47: []
48: []
49: ['GO:0005886', 'GO:0003690', 'GO:0043566', 'GO:0003677', 'GO:0005488', 'GO:0003676', 'GO:0003674', 'GO:0016020', 'GO:0005623', 'GO:0044464', 'GO:0005575']
50: ['GO:0004430', 'GO:0005886', 'GO:0016020', 'GO:0005623', 'GO:0044464', 'GO:0005575', 'GO:0004428', 'GO:0016773', 'GO:0003824', 'GO:0016301', 'GO:0016740', 'GO:0016772', 'GO:0003674']
51: ['GO:0004430', 'GO:0005886', 'GO:0016020', 'GO:0005623', 'GO:0044464', 'GO:0005575', 'GO:0004428', 'GO:0016773', 'GO:0003824', 'GO:0016301', 'GO:0016740', 'GO:0016772', 'GO:0003674']
52: []
53: ['GO:0004430', 'GO:0005886', 'GO:0016020', 'GO:0005623', 'GO:0044464', 'GO:0005575', 'GO:0004428', 'GO:0016773', 'GO:0003824', 'GO:0016301', 'GO:0016740', 'GO:0016772', 'GO:0003674']
54: ['GO:0004430', 'GO:0005886', 'GO:0016020', 'GO:0005623', 'GO:0044464', 'GO:0005575', 'GO:0004428', 'GO:0016773', 'GO:0003824', 'GO:0016301', 'GO:0016740', 'GO:0016772', 'GO:0003674']
55: ['GO:0004430', 'GO:0005886', 'GO:0016020', 'GO:0005623', 'GO:0044464', 'GO:0005575', 'GO:0004428', 'GO:0016773', 'GO:0003824', 'GO:0016301', 'GO:0016740', 'GO:0016772', 'GO:0003674']
56: []
57: ['GO:0004430', 'GO:0005886', 'GO:0016020', 'GO:0005623', 'GO:0044464', 'GO:0005575', 'GO:0004428', 'GO:0016773', 'GO:0003824', 'GO:0016301', 'GO:0016740', 'GO:0016772', 'GO:0003674']
58: ['GO:0005886', 'GO:0004430', 'GO:0004428', 'GO:0016773', 'GO:0003824', 'GO:0016301', 'GO:0016740', 'GO:0016772', 'GO:0003674', 'GO:0016020', 'GO:0005623', 'GO:0044464', 'GO:0005575']
59: ['GO:0004430', 'GO:0005886', 'GO:0016020', 'GO:0005623', 'GO:0044464', 'GO:0005575', 'GO:0004428', 'GO:0016773', 'GO:0003824', 'GO:0016301', 'GO:0016740', 'GO:0016772', 'GO:0003674']
60: ['GO:0004430', 'GO:0005886', 'GO:0016020', 'GO:0005623', 'GO:0044464', 'GO:0005575', 'GO:0004428', 'GO:0016773', 'GO:0003824', 'GO:0016301', 'GO:0016740', 'GO:0016772', 'GO:0003674']
61: ['GO:0005886', 'GO:0004430', 'GO:0004428', 'GO:0016773', 'GO:0003824', 'GO:0016301', 'GO:0016740', 'GO:0016772', 'GO:0003674', 'GO:0016020', 'GO:0005623', 'GO:0044464', 'GO:0005575']
62: []
63: []
64: []
65: []
66: []
67: []
68: []
69: []
70: ['GO:0005886', 'GO:0004430', 'GO:0004428', 'GO:0016773', 'GO:0003824', 'GO:0016301', 'GO:0016740', 'GO:0016772', 'GO:0003674', 'GO:0016020', 'GO:0005623', 'GO:0044464', 'GO:0005575']
71: ['GO:0004430', 'GO:0005886', 'GO:0016020', 'GO:0005623', 'GO:0044464', 'GO:0005575', 'GO:0004428', 'GO:0016773', 'GO:0003824', 'GO:0016301', 'GO:0016740', 'GO:0016772', 'GO:0003674']
72: ['GO:0005886', 'GO:0004430', 'GO:0004428', 'GO:0016773', 'GO:0003824', 'GO:0016301', 'GO:0016740', 'GO:0016772', 'GO:0003674', 'GO:0016020', 'GO:0005623', 'GO:0044464', 'GO:0005575']
73: []
74: []
75: []
76: []
77: ['GO:0005886', 'GO:0004430', 'GO:0004428', 'GO:0016773', 'GO:0003824', 'GO:0016301', 'GO:0016740', 'GO:0016772', 'GO:0003674', 'GO:0016020', 'GO:0005623', 'GO:0044464', 'GO:0005575']
78: ['GO:0004430', 'GO:0005886', 'GO:0016020', 'GO:0005623', 'GO:0044464', 'GO:0005575', 'GO:0004428', 'GO:0016773', 'GO:0003824', 'GO:0016301', 'GO:0016740', 'GO:0016772', 'GO:0003674']
79: ['GO:0005886', 'GO:0004430', 'GO:0004428', 'GO:0016773', 'GO:0003824', 'GO:0016301', 'GO:0016740', 'GO:0016772', 'GO:0003674', 'GO:0016020', 'GO:0005623', 'GO:0044464', 'GO:0005575']
80: ['GO:0004430', 'GO:0005886', 'GO:0016020', 'GO:0005623', 'GO:0044464', 'GO:0005575', 'GO:0004428', 'GO:0016773', 'GO:0003824', 'GO:0016301', 'GO:0016740', 'GO:0016772', 'GO:0003674']
81: []
82: ['GO:0004430', 'GO:0005886', 'GO:0016020', 'GO:0005623', 'GO:0044464', 'GO:0005575', 'GO:0004428', 'GO:0016773', 'GO:0003824', 'GO:0016301', 'GO:0016740', 'GO:0016772', 'GO:0003674']
83: ['GO:0004430', 'GO:0005886', 'GO:0016020', 'GO:0005623', 'GO:0044464', 'GO:0005575', 'GO:0004428', 'GO:0016773', 'GO:0003824', 'GO:0016301', 'GO:0016740', 'GO:0016772', 'GO:0003674']
84: ['GO:0004430', 'GO:0005886', 'GO:0016020', 'GO:0005623', 'GO:0044464', 'GO:0005575', 'GO:0004428', 'GO:0016773', 'GO:0003824', 'GO:0016301', 'GO:0016740', 'GO:0016772', 'GO:0003674']
85: ['GO:0005886', 'GO:0004430', 'GO:0004428', 'GO:0016773', 'GO:0003824', 'GO:0016301', 'GO:0016740', 'GO:0016772', 'GO:0003674', 'GO:0016020', 'GO:0005623', 'GO:0044464', 'GO:0005575']
86: []
87: ['GO:0005886', 'GO:0004430', 'GO:0004428', 'GO:0016773', 'GO:0003824', 'GO:0016301', 'GO:0016740', 'GO:0016772', 'GO:0003674', 'GO:0016020', 'GO:0005623', 'GO:0044464', 'GO:0005575']
88: []
89: ['GO:0004430', 'GO:0005886', 'GO:0016020', 'GO:0005623', 'GO:0044464', 'GO:0005575', 'GO:0004428', 'GO:0016773', 'GO:0003824', 'GO:0016301', 'GO:0016740', 'GO:0016772', 'GO:0003674']
90: ['GO:0005886', 'GO:0004430', 'GO:0004428', 'GO:0016773', 'GO:0003824', 'GO:0016301', 'GO:0016740', 'GO:0016772', 'GO:0003674', 'GO:0016020', 'GO:0005623', 'GO:0044464', 'GO:0005575']
91: ['GO:0005886', 'GO:0004430', 'GO:0004428', 'GO:0016773', 'GO:0003824', 'GO:0016301', 'GO:0016740', 'GO:0016772', 'GO:0003674', 'GO:0016020', 'GO:0005623', 'GO:0044464', 'GO:0005575']
92: []
93: []
94: ['GO:0005886', 'GO:0004430', 'GO:0004428', 'GO:0016773', 'GO:0003824', 'GO:0016301', 'GO:0016740', 'GO:0016772', 'GO:0003674', 'GO:0016020', 'GO:0005623', 'GO:0044464', 'GO:0005575']
95: ['GO:0004430', 'GO:0005886', 'GO:0016020', 'GO:0005623', 'GO:0044464', 'GO:0005575', 'GO:0004428', 'GO:0016773', 'GO:0003824', 'GO:0016301', 'GO:0016740', 'GO:0016772', 'GO:0003674']
96: []
97: ['GO:0004430', 'GO:0005886', 'GO:0016020', 'GO:0005623', 'GO:0044464', 'GO:0005575', 'GO:0004428', 'GO:0016773', 'GO:0003824', 'GO:0016301', 'GO:0016740', 'GO:0016772', 'GO:0003674']
98: []
99: ['GO:0004430', 'GO:0005886', 'GO:0016020', 'GO:0005623', 'GO:0044464', 'GO:0005575', 'GO:0004428', 'GO:0016773', 'GO:0003824', 'GO:0016301', 'GO:0016740', 'GO:0016772', 'GO:0003674']
100: ['GO:0005886', 'GO:0004430', 'GO:0004428', 'GO:0016773', 'GO:0003824', 'GO:0016301', 'GO:0016740', 'GO:0016772', 'GO:0003674', 'GO:0016020', 'GO:0005623', 'GO:0044464', 'GO:0005575']
101: []
102: ['GO:0005886', 'GO:0004430', 'GO:0004428', 'GO:0016773', 'GO:0003824', 'GO:0016301', 'GO:0016740', 'GO:0016772', 'GO:0003674', 'GO:0016020', 'GO:0005623', 'GO:0044464', 'GO:0005575']
103: []
104: ['GO:0004430', 'GO:0005886', 'GO:0016020', 'GO:0005623', 'GO:0044464', 'GO:0005575', 'GO:0004428', 'GO:0016773', 'GO:0003824', 'GO:0016301', 'GO:0016740', 'GO:0016772', 'GO:0003674']
105: []
106: ['GO:0016303', 'GO:0035005', 'GO:0005886', 'GO:0005942', 'GO:0044445', 'GO:0043234', 'GO:0044464', 'GO:0005737', 'GO:0032991', 'GO:0044424', 'GO:0005575', 'GO:0005829', 'GO:0005622', 'GO:0044444', 'GO:0005623', 'GO:0016020', 'GO:0016307', 'GO:0035004', 'GO:0004428', 'GO:0016740', 'GO:0016301', 'GO:0016773', 'GO:0003674', 'GO:0016772', 'GO:0003824', 'GO:0001727']
107: []
108: []
109: []
110: []
111: []
112: ['GO:0046934', 'GO:0035004', 'GO:0016773', 'GO:0003674', 'GO:0016772', 'GO:0016740', 'GO:0004428', 'GO:0016301', 'GO:0003824', 'GO:0001727']
113: []
114: []
115: []
116: []
117: []
118: []
119: []
120: []
121: []
122: []
123: []
124: []
125: ['GO:0046934', 'GO:0005886', 'GO:0035005', 'GO:0016303', 'GO:0035004', 'GO:0001727', 'GO:0016772', 'GO:0003674', 'GO:0016740', 'GO:0003824', 'GO:0016301', 'GO:0004428', 'GO:0016773', 'GO:0016307', 'GO:0016020', 'GO:0005623', 'GO:0044464', 'GO:0005575']
126: ['GO:0005886', 'GO:0005942', 'GO:0046934', 'GO:0035005', 'GO:0016303', 'GO:0035004', 'GO:0001727', 'GO:0016772', 'GO:0003674', 'GO:0016740', 'GO:0003824', 'GO:0016301', 'GO:0004428', 'GO:0016773', 'GO:0016307', 'GO:0044445', 'GO:0043234', 'GO:0044464', 'GO:0005737', 'GO:0032991', 'GO:0044424', 'GO:0005575', 'GO:0005829', 'GO:0005622', 'GO:0044444', 'GO:0005623', 'GO:0016020']
127: ['GO:0016303', 'GO:0046934', 'GO:0005886', 'GO:0035005', 'GO:0005942', 'GO:0044445', 'GO:0043234', 'GO:0044464', 'GO:0005737', 'GO:0032991', 'GO:0044424', 'GO:0005575', 'GO:0005829', 'GO:0005622', 'GO:0044444', 'GO:0005623', 'GO:0016307', 'GO:0035004', 'GO:0004428', 'GO:0016740', 'GO:0016301', 'GO:0016773', 'GO:0003674', 'GO:0016772', 'GO:0003824', 'GO:0001727', 'GO:0016020']
128: []
129: ['GO:0016303', 'GO:0005886', 'GO:0035005', 'GO:0005942', 'GO:0046934', 'GO:0035004', 'GO:0016773', 'GO:0003674', 'GO:0016772', 'GO:0016740', 'GO:0004428', 'GO:0016301', 'GO:0003824', 'GO:0001727', 'GO:0044445', 'GO:0043234', 'GO:0044464', 'GO:0005737', 'GO:0032991', 'GO:0044424', 'GO:0005575', 'GO:0005829', 'GO:0005622', 'GO:0044444', 'GO:0005623', 'GO:0016307', 'GO:0016020']
130: ['GO:0005886', 'GO:0035005', 'GO:0046934', 'GO:0035004', 'GO:0016773', 'GO:0003674', 'GO:0016772', 'GO:0016740', 'GO:0004428', 'GO:0016301', 'GO:0003824', 'GO:0001727', 'GO:0016307', 'GO:0016020', 'GO:0005623', 'GO:0044464', 'GO:0005575']
131: []
132: ['GO:0005942', 'GO:0046934', 'GO:0016303', 'GO:0035005', 'GO:0005886', 'GO:0016020', 'GO:0005623', 'GO:0044464', 'GO:0005575', 'GO:0016307', 'GO:0035004', 'GO:0004428', 'GO:0016740', 'GO:0016301', 'GO:0016773', 'GO:0003674', 'GO:0016772', 'GO:0003824', 'GO:0001727', 'GO:0044445', 'GO:0043234', 'GO:0005737', 'GO:0032991', 'GO:0044424', 'GO:0005829', 'GO:0005622', 'GO:0044444']
133: ['GO:0005886', 'GO:0016303', 'GO:0035005', 'GO:0005942', 'GO:0046934', 'GO:0035004', 'GO:0016773', 'GO:0003674', 'GO:0016772', 'GO:0016740', 'GO:0004428', 'GO:0016301', 'GO:0003824', 'GO:0001727', 'GO:0044445', 'GO:0043234', 'GO:0044464', 'GO:0005737', 'GO:0032991', 'GO:0044424', 'GO:0005575', 'GO:0005829', 'GO:0005622', 'GO:0044444', 'GO:0005623', 'GO:0016307', 'GO:0016020']
134: ['GO:0016303', 'GO:0005886', 'GO:0005942', 'GO:0035005', 'GO:0046934', 'GO:0035004', 'GO:0016773', 'GO:0003674', 'GO:0016772', 'GO:0016740', 'GO:0004428', 'GO:0016301', 'GO:0003824', 'GO:0001727', 'GO:0016307', 'GO:0044445', 'GO:0043234', 'GO:0044464', 'GO:0005737', 'GO:0032991', 'GO:0044424', 'GO:0005575', 'GO:0005829', 'GO:0005622', 'GO:0044444', 'GO:0005623', 'GO:0016020']
135: ['GO:0016303', 'GO:0046934', 'GO:0005886', 'GO:0035005', 'GO:0005942', 'GO:0044445', 'GO:0043234', 'GO:0044464', 'GO:0005737', 'GO:0032991', 'GO:0044424', 'GO:0005575', 'GO:0005829', 'GO:0005622', 'GO:0044444', 'GO:0005623', 'GO:0016307', 'GO:0035004', 'GO:0004428', 'GO:0016740', 'GO:0016301', 'GO:0016773', 'GO:0003674', 'GO:0016772', 'GO:0003824', 'GO:0001727', 'GO:0016020']
136: ['GO:0005886', 'GO:0005942', 'GO:0046934', 'GO:0016303', 'GO:0035005', 'GO:0016307', 'GO:0035004', 'GO:0004428', 'GO:0016740', 'GO:0016301', 'GO:0016773', 'GO:0003674', 'GO:0016772', 'GO:0003824', 'GO:0001727', 'GO:0044445', 'GO:0043234', 'GO:0044464', 'GO:0005737', 'GO:0032991', 'GO:0044424', 'GO:0005575', 'GO:0005829', 'GO:0005622', 'GO:0044444', 'GO:0005623', 'GO:0016020']
137: ['GO:0046934', 'GO:0035005', 'GO:0016303', 'GO:0005886', 'GO:0005942', 'GO:0044445', 'GO:0043234', 'GO:0044464', 'GO:0005737', 'GO:0032991', 'GO:0044424', 'GO:0005575', 'GO:0005829', 'GO:0005622', 'GO:0044444', 'GO:0005623', 'GO:0016020', 'GO:0035004', 'GO:0001727', 'GO:0016772', 'GO:0003674', 'GO:0016740', 'GO:0003824', 'GO:0016301', 'GO:0004428', 'GO:0016773', 'GO:0016307']
138: []
139: []
140: ['GO:0046934', 'GO:0005942', 'GO:0016303', 'GO:0035005', 'GO:0005886', 'GO:0016020', 'GO:0005623', 'GO:0044464', 'GO:0005575', 'GO:0016307', 'GO:0035004', 'GO:0004428', 'GO:0016740', 'GO:0016301', 'GO:0016773', 'GO:0003674', 'GO:0016772', 'GO:0003824', 'GO:0001727', 'GO:0044445', 'GO:0043234', 'GO:0005737', 'GO:0032991', 'GO:0044424', 'GO:0005829', 'GO:0005622', 'GO:0044444']
141: ['GO:0016303', 'GO:0035005', 'GO:0005942', 'GO:0005886', 'GO:0046934', 'GO:0035004', 'GO:0016773', 'GO:0003674', 'GO:0016772', 'GO:0016740', 'GO:0004428', 'GO:0016301', 'GO:0003824', 'GO:0001727', 'GO:0016020', 'GO:0005623', 'GO:0044464', 'GO:0005575', 'GO:0044445', 'GO:0043234', 'GO:0005737', 'GO:0032991', 'GO:0044424', 'GO:0005829', 'GO:0005622', 'GO:0044444', 'GO:0016307']
142: []
143: []
144: ['GO:0035005', 'GO:0046934', 'GO:0005886', 'GO:0005942', 'GO:0016303', 'GO:0035004', 'GO:0001727', 'GO:0016772', 'GO:0003674', 'GO:0016740', 'GO:0003824', 'GO:0016301', 'GO:0004428', 'GO:0016773', 'GO:0044445', 'GO:0043234', 'GO:0044464', 'GO:0005737', 'GO:0032991', 'GO:0044424', 'GO:0005575', 'GO:0005829', 'GO:0005622', 'GO:0044444', 'GO:0005623', 'GO:0016020', 'GO:0016307']
145: ['GO:0035005', 'GO:0005886', 'GO:0005942', 'GO:0046934', 'GO:0016303', 'GO:0035004', 'GO:0001727', 'GO:0016772', 'GO:0003674', 'GO:0016740', 'GO:0003824', 'GO:0016301', 'GO:0004428', 'GO:0016773', 'GO:0044445', 'GO:0043234', 'GO:0044464', 'GO:0005737', 'GO:0032991', 'GO:0044424', 'GO:0005575', 'GO:0005829', 'GO:0005622', 'GO:0044444', 'GO:0005623', 'GO:0016020', 'GO:0016307']
146: ['GO:0035005', 'GO:0005942', 'GO:0016303', 'GO:0046934', 'GO:0005886', 'GO:0016020', 'GO:0005623', 'GO:0044464', 'GO:0005575', 'GO:0035004', 'GO:0016773', 'GO:0003674', 'GO:0016772', 'GO:0016740', 'GO:0004428', 'GO:0016301', 'GO:0003824', 'GO:0001727', 'GO:0044445', 'GO:0043234', 'GO:0005737', 'GO:0032991', 'GO:0044424', 'GO:0005829', 'GO:0005622', 'GO:0044444', 'GO:0016307']
147: []
148: []
149: []
150: []
151: []
152: []
153: []
154: []
155: []
156: ['GO:0005886', 'GO:0035005', 'GO:0016307', 'GO:0035004', 'GO:0004428', 'GO:0016740', 'GO:0016301', 'GO:0016773', 'GO:0003674', 'GO:0016772', 'GO:0003824', 'GO:0001727', 'GO:0016020', 'GO:0005623', 'GO:0044464', 'GO:0005575']
157: ['GO:0016303', 'GO:0046934', 'GO:0005886', 'GO:0005942', 'GO:0035005', 'GO:0016307', 'GO:0035004', 'GO:0004428', 'GO:0016740', 'GO:0016301', 'GO:0016773', 'GO:0003674', 'GO:0016772', 'GO:0003824', 'GO:0001727', 'GO:0044445', 'GO:0043234', 'GO:0044464', 'GO:0005737', 'GO:0032991', 'GO:0044424', 'GO:0005575', 'GO:0005829', 'GO:0005622', 'GO:0044444', 'GO:0005623', 'GO:0016020']
158: ['GO:0035005', 'GO:0005942', 'GO:0005886', 'GO:0046934', 'GO:0016303', 'GO:0035004', 'GO:0001727', 'GO:0016772', 'GO:0003674', 'GO:0016740', 'GO:0003824', 'GO:0016301', 'GO:0004428', 'GO:0016773', 'GO:0016020', 'GO:0005623', 'GO:0044464', 'GO:0005575', 'GO:0044445', 'GO:0043234', 'GO:0005737', 'GO:0032991', 'GO:0044424', 'GO:0005829', 'GO:0005622', 'GO:0044444', 'GO:0016307']
159: []
160: ['GO:0005886', 'GO:0035005', 'GO:0046934', 'GO:0035004', 'GO:0016773', 'GO:0003674', 'GO:0016772', 'GO:0016740', 'GO:0004428', 'GO:0016301', 'GO:0003824', 'GO:0001727', 'GO:0016307', 'GO:0016020', 'GO:0005623', 'GO:0044464', 'GO:0005575']
161: []
162: ['GO:0035005', 'GO:0016303', 'GO:0005942', 'GO:0046934', 'GO:0005886', 'GO:0016020', 'GO:0005623', 'GO:0044464', 'GO:0005575', 'GO:0035004', 'GO:0016773', 'GO:0003674', 'GO:0016772', 'GO:0016740', 'GO:0004428', 'GO:0016301', 'GO:0003824', 'GO:0001727', 'GO:0044445', 'GO:0043234', 'GO:0005737', 'GO:0032991', 'GO:0044424', 'GO:0005829', 'GO:0005622', 'GO:0044444', 'GO:0016307']
163: ['GO:0035005', 'GO:0005942', 'GO:0046934', 'GO:0005886', 'GO:0016303', 'GO:0035004', 'GO:0001727', 'GO:0016772', 'GO:0003674', 'GO:0016740', 'GO:0003824', 'GO:0016301', 'GO:0004428', 'GO:0016773', 'GO:0016020', 'GO:0005623', 'GO:0044464', 'GO:0005575', 'GO:0044445', 'GO:0043234', 'GO:0005737', 'GO:0032991', 'GO:0044424', 'GO:0005829', 'GO:0005622', 'GO:0044444', 'GO:0016307']
164: []
165: ['GO:0016303', 'GO:0005886', 'GO:0035005', 'GO:0046934', 'GO:0035004', 'GO:0016773', 'GO:0003674', 'GO:0016772', 'GO:0016740', 'GO:0004428', 'GO:0016301', 'GO:0003824', 'GO:0001727', 'GO:0016307', 'GO:0016020', 'GO:0005623', 'GO:0044464', 'GO:0005575']
166: ['GO:0046934', 'GO:0005942', 'GO:0005886', 'GO:0016303', 'GO:0035005', 'GO:0016307', 'GO:0035004', 'GO:0004428', 'GO:0016740', 'GO:0016301', 'GO:0016773', 'GO:0003674', 'GO:0016772', 'GO:0003824', 'GO:0001727', 'GO:0016020', 'GO:0005623', 'GO:0044464', 'GO:0005575', 'GO:0044445', 'GO:0043234', 'GO:0005737', 'GO:0032991', 'GO:0044424', 'GO:0005829', 'GO:0005622', 'GO:0044444']
167: ['GO:0005942', 'GO:0005886', 'GO:0046934', 'GO:0016303', 'GO:0035005', 'GO:0016307', 'GO:0035004', 'GO:0004428', 'GO:0016740', 'GO:0016301', 'GO:0016773', 'GO:0003674', 'GO:0016772', 'GO:0003824', 'GO:0001727', 'GO:0016020', 'GO:0005623', 'GO:0044464', 'GO:0005575', 'GO:0044445', 'GO:0043234', 'GO:0005737', 'GO:0032991', 'GO:0044424', 'GO:0005829', 'GO:0005622', 'GO:0044444']
168: []
169: ['GO:0005942', 'GO:0046934', 'GO:0035005', 'GO:0005886', 'GO:0016303', 'GO:0035004', 'GO:0001727', 'GO:0016772', 'GO:0003674', 'GO:0016740', 'GO:0003824', 'GO:0016301', 'GO:0004428', 'GO:0016773', 'GO:0016020', 'GO:0005623', 'GO:0044464', 'GO:0005575', 'GO:0016307', 'GO:0044445', 'GO:0043234', 'GO:0005737', 'GO:0032991', 'GO:0044424', 'GO:0005829', 'GO:0005622', 'GO:0044444']
170: ['GO:0016303', 'GO:0035005', 'GO:0046934', 'GO:0005886', 'GO:0005942', 'GO:0044445', 'GO:0043234', 'GO:0044464', 'GO:0005737', 'GO:0032991', 'GO:0044424', 'GO:0005575', 'GO:0005829', 'GO:0005622', 'GO:0044444', 'GO:0005623', 'GO:0016020', 'GO:0035004', 'GO:0016773', 'GO:0003674', 'GO:0016772', 'GO:0016740', 'GO:0004428', 'GO:0016301', 'GO:0003824', 'GO:0001727', 'GO:0016307']
171: ['GO:0035005', 'GO:0005886', 'GO:0005942', 'GO:0016303', 'GO:0046934', 'GO:0035004', 'GO:0016773', 'GO:0003674', 'GO:0016772', 'GO:0016740', 'GO:0004428', 'GO:0016301', 'GO:0003824', 'GO:0001727', 'GO:0044445', 'GO:0043234', 'GO:0044464', 'GO:0005737', 'GO:0032991', 'GO:0044424', 'GO:0005575', 'GO:0005829', 'GO:0005622', 'GO:0044444', 'GO:0005623', 'GO:0016020', 'GO:0016307']
172: ['GO:0005942', 'GO:0016303', 'GO:0046934', 'GO:0005886', 'GO:0035005', 'GO:0016307', 'GO:0035004', 'GO:0004428', 'GO:0016740', 'GO:0016301', 'GO:0016773', 'GO:0003674', 'GO:0016772', 'GO:0003824', 'GO:0001727', 'GO:0016020', 'GO:0005623', 'GO:0044464', 'GO:0005575', 'GO:0044445', 'GO:0043234', 'GO:0005737', 'GO:0032991', 'GO:0044424', 'GO:0005829', 'GO:0005622', 'GO:0044444']
173: []
174: []
175: ['GO:0016303', 'GO:0005942', 'GO:0005886', 'GO:0035005', 'GO:0046934', 'GO:0035004', 'GO:0016773', 'GO:0003674', 'GO:0016772', 'GO:0016740', 'GO:0004428', 'GO:0016301', 'GO:0003824', 'GO:0001727', 'GO:0016307', 'GO:0016020', 'GO:0005623', 'GO:0044464', 'GO:0005575', 'GO:0044445', 'GO:0043234', 'GO:0005737', 'GO:0032991', 'GO:0044424', 'GO:0005829', 'GO:0005622', 'GO:0044444']
176: ['GO:0035005', 'GO:0005942', 'GO:0005886', 'GO:0016303', 'GO:0046934', 'GO:0035004', 'GO:0016773', 'GO:0003674', 'GO:0016772', 'GO:0016740', 'GO:0004428', 'GO:0016301', 'GO:0003824', 'GO:0001727', 'GO:0016020', 'GO:0005623', 'GO:0044464', 'GO:0005575', 'GO:0044445', 'GO:0043234', 'GO:0005737', 'GO:0032991', 'GO:0044424', 'GO:0005829', 'GO:0005622', 'GO:0044444', 'GO:0016307']
177: []
178: []
179: ['GO:0035005', 'GO:0046934', 'GO:0005886', 'GO:0016303', 'GO:0005942', 'GO:0044445', 'GO:0043234', 'GO:0044464', 'GO:0005737', 'GO:0032991', 'GO:0044424', 'GO:0005575', 'GO:0005829', 'GO:0005622', 'GO:0044444', 'GO:0005623', 'GO:0035004', 'GO:0001727', 'GO:0016772', 'GO:0003674', 'GO:0016740', 'GO:0003824', 'GO:0016301', 'GO:0004428', 'GO:0016773', 'GO:0016020', 'GO:0016307']
180: ['GO:0016303', 'GO:0035005', 'GO:0046934', 'GO:0005942', 'GO:0005886', 'GO:0016020', 'GO:0005623', 'GO:0044464', 'GO:0005575', 'GO:0044445', 'GO:0043234', 'GO:0005737', 'GO:0032991', 'GO:0044424', 'GO:0005829', 'GO:0005622', 'GO:0044444', 'GO:0035004', 'GO:0016773', 'GO:0003674', 'GO:0016772', 'GO:0016740', 'GO:0004428', 'GO:0016301', 'GO:0003824', 'GO:0001727', 'GO:0016307']
181: ['GO:0016303', 'GO:0046934', 'GO:0005886', 'GO:0035005', 'GO:0005942', 'GO:0044445', 'GO:0043234', 'GO:0044464', 'GO:0005737', 'GO:0032991', 'GO:0044424', 'GO:0005575', 'GO:0005829', 'GO:0005622', 'GO:0044444', 'GO:0005623', 'GO:0016307', 'GO:0035004', 'GO:0004428', 'GO:0016740', 'GO:0016301', 'GO:0016773', 'GO:0003674', 'GO:0016772', 'GO:0003824', 'GO:0001727', 'GO:0016020']
182: ['GO:0016303', 'GO:0005886', 'GO:0035005', 'GO:0005942', 'GO:0046934', 'GO:0060441 NOT', 'GO:0035004', 'GO:0016773', 'GO:0003674', 'GO:0016772', 'GO:0016740', 'GO:0004428', 'GO:0016301', 'GO:0003824', 'GO:0001727', 'GO:0044445', 'GO:0043234', 'GO:0044464', 'GO:0005737', 'GO:0032991', 'GO:0044424', 'GO:0005575', 'GO:0005829', 'GO:0005622', 'GO:0044444', 'GO:0005623', 'GO:0016307', 'GO:0016020']
183: []
184: ['GO:0016303', 'GO:0035005', 'GO:0005942', 'GO:0046934', 'GO:0005886', 'GO:0016020', 'GO:0005623', 'GO:0044464', 'GO:0005575', 'GO:0035004', 'GO:0016773', 'GO:0003674', 'GO:0016772', 'GO:0016740', 'GO:0004428', 'GO:0016301', 'GO:0003824', 'GO:0001727', 'GO:0044445', 'GO:0043234', 'GO:0005737', 'GO:0032991', 'GO:0044424', 'GO:0005829', 'GO:0005622', 'GO:0044444', 'GO:0016307']
185: ['GO:0046934', 'GO:0035005', 'GO:0005886', 'GO:0005942', 'GO:0016303', 'GO:0035004', 'GO:0001727', 'GO:0016772', 'GO:0003674', 'GO:0016740', 'GO:0003824', 'GO:0016301', 'GO:0004428', 'GO:0016773', 'GO:0044445', 'GO:0043234', 'GO:0044464', 'GO:0005737', 'GO:0032991', 'GO:0044424', 'GO:0005575', 'GO:0005829', 'GO:0005622', 'GO:0044444', 'GO:0005623', 'GO:0016020', 'GO:0016307']
186: ['GO:0035005', 'GO:0005886', 'GO:0005942', 'GO:0016303', 'GO:0046934', 'GO:0031683', 'GO:0032403', 'GO:0005488', 'GO:0003674', 'GO:0005515', 'GO:0035004', 'GO:0016773', 'GO:0016772', 'GO:0016740', 'GO:0004428', 'GO:0016301', 'GO:0003824', 'GO:0001727', 'GO:0044445', 'GO:0043234', 'GO:0044464', 'GO:0005737', 'GO:0032991', 'GO:0044424', 'GO:0005575', 'GO:0005829', 'GO:0005622', 'GO:0044444', 'GO:0005623', 'GO:0016020', 'GO:0016307']
187: []
188: []
189: []
190: ['GO:0005886', 'GO:0046934', 'GO:0035005', 'GO:0016303', 'GO:0005942', 'GO:0044445', 'GO:0043234', 'GO:0044464', 'GO:0005737', 'GO:0032991', 'GO:0044424', 'GO:0005575', 'GO:0005829', 'GO:0005622', 'GO:0044444', 'GO:0005623', 'GO:0035004', 'GO:0001727', 'GO:0016772', 'GO:0003674', 'GO:0016740', 'GO:0003824', 'GO:0016301', 'GO:0004428', 'GO:0016773', 'GO:0016307', 'GO:0016020']
191: ['GO:0035005', 'GO:0016303', 'GO:0046934', 'GO:0005942', 'GO:0005886', 'GO:0016020', 'GO:0005623', 'GO:0044464', 'GO:0005575', 'GO:0044445', 'GO:0043234', 'GO:0005737', 'GO:0032991', 'GO:0044424', 'GO:0005829', 'GO:0005622', 'GO:0044444', 'GO:0035004', 'GO:0016773', 'GO:0003674', 'GO:0016772', 'GO:0016740', 'GO:0004428', 'GO:0016301', 'GO:0003824', 'GO:0001727', 'GO:0016307']
192: ['GO:0005942', 'GO:0046934', 'GO:0035005', 'GO:0016303', 'GO:0005886', 'GO:0016020', 'GO:0005623', 'GO:0044464', 'GO:0005575', 'GO:0035004', 'GO:0001727', 'GO:0016772', 'GO:0003674', 'GO:0016740', 'GO:0003824', 'GO:0016301', 'GO:0004428', 'GO:0016773', 'GO:0016307', 'GO:0044445', 'GO:0043234', 'GO:0005737', 'GO:0032991', 'GO:0044424', 'GO:0005829', 'GO:0005622', 'GO:0044444']
193: []
194: []
195: ['GO:0016303', 'GO:0035005', 'GO:0005942', 'GO:0005886', 'GO:0046934', 'GO:0035004', 'GO:0016773', 'GO:0003674', 'GO:0016772', 'GO:0016740', 'GO:0004428', 'GO:0016301', 'GO:0003824', 'GO:0001727', 'GO:0016020', 'GO:0005623', 'GO:0044464', 'GO:0005575', 'GO:0044445', 'GO:0043234', 'GO:0005737', 'GO:0032991', 'GO:0044424', 'GO:0005829', 'GO:0005622', 'GO:0044444', 'GO:0016307']
196: ['GO:0035005', 'GO:0005942', 'GO:0005886', 'GO:0016303', 'GO:0046934', 'GO:0035004', 'GO:0016773', 'GO:0003674', 'GO:0016772', 'GO:0016740', 'GO:0004428', 'GO:0016301', 'GO:0003824', 'GO:0001727', 'GO:0016020', 'GO:0005623', 'GO:0044464', 'GO:0005575', 'GO:0044445', 'GO:0043234', 'GO:0005737', 'GO:0032991', 'GO:0044424', 'GO:0005829', 'GO:0005622', 'GO:0044444', 'GO:0016307']
197: ['GO:0035005', 'GO:0005942', 'GO:0046934', 'GO:0016303', 'GO:0005886', 'GO:0016020', 'GO:0005623', 'GO:0044464', 'GO:0005575', 'GO:0035004', 'GO:0001727', 'GO:0016772', 'GO:0003674', 'GO:0016740', 'GO:0003824', 'GO:0016301', 'GO:0004428', 'GO:0016773', 'GO:0044445', 'GO:0043234', 'GO:0005737', 'GO:0032991', 'GO:0044424', 'GO:0005829', 'GO:0005622', 'GO:0044444', 'GO:0016307']
198: ['GO:0035005', 'GO:0005886', 'GO:0016303', 'GO:0046934', 'GO:0005942', 'GO:0044445', 'GO:0043234', 'GO:0044464', 'GO:0005737', 'GO:0032991', 'GO:0044424', 'GO:0005575', 'GO:0005829', 'GO:0005622', 'GO:0044444', 'GO:0005623', 'GO:0035004', 'GO:0016773', 'GO:0003674', 'GO:0016772', 'GO:0016740', 'GO:0004428', 'GO:0016301', 'GO:0003824', 'GO:0001727', 'GO:0016020', 'GO:0016307']
199: ['GO:0035005', 'GO:0005942', 'GO:0046934', 'GO:0005886', 'GO:0016303', 'GO:0035004', 'GO:0001727', 'GO:0016772', 'GO:0003674', 'GO:0016740', 'GO:0003824', 'GO:0016301', 'GO:0004428', 'GO:0016773', 'GO:0016020', 'GO:0005623', 'GO:0044464', 'GO:0005575', 'GO:0044445', 'GO:0043234', 'GO:0005737', 'GO:0032991', 'GO:0044424', 'GO:0005829', 'GO:0005622', 'GO:0044444', 'GO:0016307']
200: ['GO:0046934', 'GO:0035005', 'GO:0005942', 'GO:0016303', 'GO:0005886', 'GO:0016020', 'GO:0005623', 'GO:0044464', 'GO:0005575', 'GO:0035004', 'GO:0001727', 'GO:0016772', 'GO:0003674', 'GO:0016740', 'GO:0003824', 'GO:0016301', 'GO:0004428', 'GO:0016773', 'GO:0044445', 'GO:0043234', 'GO:0005737', 'GO:0032991', 'GO:0044424', 'GO:0005829', 'GO:0005622', 'GO:0044444', 'GO:0016307']
201: ['GO:0016303', 'GO:0005942', 'GO:0005886', 'GO:0046934', 'GO:0035005', 'GO:0016307', 'GO:0035004', 'GO:0004428', 'GO:0016740', 'GO:0016301', 'GO:0016773', 'GO:0003674', 'GO:0016772', 'GO:0003824', 'GO:0001727', 'GO:0016020', 'GO:0005623', 'GO:0044464', 'GO:0005575', 'GO:0044445', 'GO:0043234', 'GO:0005737', 'GO:0032991', 'GO:0044424', 'GO:0005829', 'GO:0005622', 'GO:0044444']
202: ['GO:0046934', 'GO:0035004', 'GO:0016773', 'GO:0003674', 'GO:0016772', 'GO:0016740', 'GO:0004428', 'GO:0016301', 'GO:0003824', 'GO:0001727']
203: []
204: []
205: []
206: []
207: []
208: []
209: []
210: []
211: []
212: []
213: []
214: []
215: ['GO:0046934', 'GO:0016303', 'GO:0005886', 'GO:0005942', 'GO:0035005', 'GO:0016307', 'GO:0035004', 'GO:0004428', 'GO:0016740', 'GO:0016301', 'GO:0016773', 'GO:0003674', 'GO:0016772', 'GO:0003824', 'GO:0001727', 'GO:0044445', 'GO:0043234', 'GO:0044464', 'GO:0005737', 'GO:0032991', 'GO:0044424', 'GO:0005575', 'GO:0005829', 'GO:0005622', 'GO:0044444', 'GO:0005623', 'GO:0016020']
216: ['GO:0005886', 'GO:0016303', 'GO:0035005', 'GO:0005942', 'GO:0046934', 'GO:0035004', 'GO:0016773', 'GO:0003674', 'GO:0016772', 'GO:0016740', 'GO:0004428', 'GO:0016301', 'GO:0003824', 'GO:0001727', 'GO:0044445', 'GO:0043234', 'GO:0044464', 'GO:0005737', 'GO:0032991', 'GO:0044424', 'GO:0005575', 'GO:0005829', 'GO:0005622', 'GO:0044444', 'GO:0005623', 'GO:0016307', 'GO:0016020']
217: ['GO:0016303', 'GO:0035005', 'GO:0005886', 'GO:0005942', 'GO:0046934', 'GO:0035004', 'GO:0016773', 'GO:0003674', 'GO:0016772', 'GO:0016740', 'GO:0004428', 'GO:0016301', 'GO:0003824', 'GO:0001727', 'GO:0044445', 'GO:0043234', 'GO:0044464', 'GO:0005737', 'GO:0032991', 'GO:0044424', 'GO:0005575', 'GO:0005829', 'GO:0005622', 'GO:0044444', 'GO:0005623', 'GO:0016020', 'GO:0016307']
218: []
219: ['GO:0005886', 'GO:0046934', 'GO:0035005', 'GO:0005942', 'GO:0044445', 'GO:0043234', 'GO:0044464', 'GO:0005737', 'GO:0032991', 'GO:0044424', 'GO:0005575', 'GO:0005829', 'GO:0005622', 'GO:0044444', 'GO:0005623', 'GO:0016307', 'GO:0035004', 'GO:0004428', 'GO:0016740', 'GO:0016301', 'GO:0016773', 'GO:0003674', 'GO:0016772', 'GO:0003824', 'GO:0001727', 'GO:0016020']
220: []
221: ['GO:0016303', 'GO:0005886', 'GO:0046934', 'GO:0035005', 'GO:0005942', 'GO:0044445', 'GO:0043234', 'GO:0044464', 'GO:0005737', 'GO:0032991', 'GO:0044424', 'GO:0005575', 'GO:0005829', 'GO:0005622', 'GO:0044444', 'GO:0005623', 'GO:0016307', 'GO:0035004', 'GO:0004428', 'GO:0016740', 'GO:0016301', 'GO:0016773', 'GO:0003674', 'GO:0016772', 'GO:0003824', 'GO:0001727', 'GO:0016020']
222: ['GO:0046934', 'GO:0035005', 'GO:0016307', 'GO:0035004', 'GO:0004428', 'GO:0016740', 'GO:0016301', 'GO:0016773', 'GO:0003674', 'GO:0016772', 'GO:0003824', 'GO:0001727']
223: []
224: ['GO:0005942', 'GO:0035005', 'GO:0046934', 'GO:0016303', 'GO:0005886', 'GO:0016020', 'GO:0005623', 'GO:0044464', 'GO:0005575', 'GO:0035004', 'GO:0001727', 'GO:0016772', 'GO:0003674', 'GO:0016740', 'GO:0003824', 'GO:0016301', 'GO:0004428', 'GO:0016773', 'GO:0016307', 'GO:0044445', 'GO:0043234', 'GO:0005737', 'GO:0032991', 'GO:0044424', 'GO:0005829', 'GO:0005622', 'GO:0044444']
225: ['GO:0035005', 'GO:0016303', 'GO:0046934', 'GO:0005886', 'GO:0005942', 'GO:0044445', 'GO:0043234', 'GO:0044464', 'GO:0005737', 'GO:0032991', 'GO:0044424', 'GO:0005575', 'GO:0005829', 'GO:0005622', 'GO:0044444', 'GO:0005623', 'GO:0016020', 'GO:0035004', 'GO:0016773', 'GO:0003674', 'GO:0016772', 'GO:0016740', 'GO:0004428', 'GO:0016301', 'GO:0003824', 'GO:0001727', 'GO:0016307']
226: ['GO:0005886', 'GO:0005942', 'GO:0016303', 'GO:0035005', 'GO:0046934', 'GO:0035004', 'GO:0016773', 'GO:0003674', 'GO:0016772', 'GO:0016740', 'GO:0004428', 'GO:0016301', 'GO:0003824', 'GO:0001727', 'GO:0016307', 'GO:0044445', 'GO:0043234', 'GO:0044464', 'GO:0005737', 'GO:0032991', 'GO:0044424', 'GO:0005575', 'GO:0005829', 'GO:0005622', 'GO:0044444', 'GO:0005623', 'GO:0016020']
227: ['GO:0046934', 'GO:0016303', 'GO:0035005', 'GO:0005886', 'GO:0005942', 'GO:0044445', 'GO:0043234', 'GO:0044464', 'GO:0005737', 'GO:0032991', 'GO:0044424', 'GO:0005575', 'GO:0005829', 'GO:0005622', 'GO:0044444', 'GO:0005623', 'GO:0016020', 'GO:0016307', 'GO:0035004', 'GO:0004428', 'GO:0016740', 'GO:0016301', 'GO:0016773', 'GO:0003674', 'GO:0016772', 'GO:0003824', 'GO:0001727']
228: ['GO:0046934', 'GO:0005886', 'GO:0005942', 'GO:0035005', 'GO:0016303', 'GO:0035004', 'GO:0001727', 'GO:0016772', 'GO:0003674', 'GO:0016740', 'GO:0003824', 'GO:0016301', 'GO:0004428', 'GO:0016773', 'GO:0016307', 'GO:0044445', 'GO:0043234', 'GO:0044464', 'GO:0005737', 'GO:0032991', 'GO:0044424', 'GO:0005575', 'GO:0005829', 'GO:0005622', 'GO:0044444', 'GO:0005623', 'GO:0016020']
229: ['GO:0005942', 'GO:0005886', 'GO:0046934', 'GO:0035005', 'GO:0016303', 'GO:0035004', 'GO:0001727', 'GO:0016772', 'GO:0003674', 'GO:0016740', 'GO:0003824', 'GO:0016301', 'GO:0004428', 'GO:0016773', 'GO:0016307', 'GO:0016020', 'GO:0005623', 'GO:0044464', 'GO:0005575', 'GO:0044445', 'GO:0043234', 'GO:0005737', 'GO:0032991', 'GO:0044424', 'GO:0005829', 'GO:0005622', 'GO:0044444']
230: []
231: ['GO:0016303', 'GO:0046934', 'GO:0005942', 'GO:0035005', 'GO:0005886', 'GO:0016020', 'GO:0005623', 'GO:0044464', 'GO:0005575', 'GO:0016307', 'GO:0035004', 'GO:0004428', 'GO:0016740', 'GO:0016301', 'GO:0016773', 'GO:0003674', 'GO:0016772', 'GO:0003824', 'GO:0001727', 'GO:0044445', 'GO:0043234', 'GO:0005737', 'GO:0032991', 'GO:0044424', 'GO:0005829', 'GO:0005622', 'GO:0044444']
232: ['GO:0005942', 'GO:0046934', 'GO:0016303', 'GO:0035005', 'GO:0005886', 'GO:0016020', 'GO:0005623', 'GO:0044464', 'GO:0005575', 'GO:0016307', 'GO:0035004', 'GO:0004428', 'GO:0016740', 'GO:0016301', 'GO:0016773', 'GO:0003674', 'GO:0016772', 'GO:0003824', 'GO:0001727', 'GO:0044445', 'GO:0043234', 'GO:0005737', 'GO:0032991', 'GO:0044424', 'GO:0005829', 'GO:0005622', 'GO:0044444']
233: []
234: []
235: []
236: []
237: []
238: []
239: []
240: []
241: ['GO:0046934', 'GO:0035005', 'GO:0016307', 'GO:0035004', 'GO:0004428', 'GO:0016740', 'GO:0016301', 'GO:0016773', 'GO:0003674', 'GO:0016772', 'GO:0003824', 'GO:0001727']
242: ['GO:0046934', 'GO:0016303', 'GO:0005942', 'GO:0035005', 'GO:0005886', 'GO:0016020', 'GO:0005623', 'GO:0044464', 'GO:0005575', 'GO:0016307', 'GO:0035004', 'GO:0004428', 'GO:0016740', 'GO:0016301', 'GO:0016773', 'GO:0003674', 'GO:0016772', 'GO:0003824', 'GO:0001727', 'GO:0044445', 'GO:0043234', 'GO:0005737', 'GO:0032991', 'GO:0044424', 'GO:0005829', 'GO:0005622', 'GO:0044444']
243: ['GO:0016303', 'GO:0005886', 'GO:0035005', 'GO:0005942', 'GO:0046934', 'GO:0035004', 'GO:0016773', 'GO:0003674', 'GO:0016772', 'GO:0016740', 'GO:0004428', 'GO:0016301', 'GO:0003824', 'GO:0001727', 'GO:0044445', 'GO:0043234', 'GO:0044464', 'GO:0005737', 'GO:0032991', 'GO:0044424', 'GO:0005575', 'GO:0005829', 'GO:0005622', 'GO:0044444', 'GO:0005623', 'GO:0016307', 'GO:0016020']
244: []
245: ['GO:0046934', 'GO:0016303', 'GO:0005886', 'GO:0035005', 'GO:0005942', 'GO:0044445', 'GO:0043234', 'GO:0044464', 'GO:0005737', 'GO:0032991', 'GO:0044424', 'GO:0005575', 'GO:0005829', 'GO:0005622', 'GO:0044444', 'GO:0005623', 'GO:0016307', 'GO:0035004', 'GO:0004428', 'GO:0016740', 'GO:0016301', 'GO:0016773', 'GO:0003674', 'GO:0016772', 'GO:0003824', 'GO:0001727', 'GO:0016020']
246: ['GO:0035005', 'GO:0005942', 'GO:0016303', 'GO:0005886', 'GO:0046934', 'GO:0035004', 'GO:0016773', 'GO:0003674', 'GO:0016772', 'GO:0016740', 'GO:0004428', 'GO:0016301', 'GO:0003824', 'GO:0001727', 'GO:0016020', 'GO:0005623', 'GO:0044464', 'GO:0005575', 'GO:0044445', 'GO:0043234', 'GO:0005737', 'GO:0032991', 'GO:0044424', 'GO:0005829', 'GO:0005622', 'GO:0044444', 'GO:0016307']
247: []
248: ['GO:0035005', 'GO:0005886', 'GO:0016303', 'GO:0046934', 'GO:0005942', 'GO:0044445', 'GO:0043234', 'GO:0044464', 'GO:0005737', 'GO:0032991', 'GO:0044424', 'GO:0005575', 'GO:0005829', 'GO:0005622', 'GO:0044444', 'GO:0005623', 'GO:0035004', 'GO:0016773', 'GO:0003674', 'GO:0016772', 'GO:0016740', 'GO:0004428', 'GO:0016301', 'GO:0003824', 'GO:0001727', 'GO:0016020', 'GO:0016307']
249: ['GO:0005886', 'GO:0016303', 'GO:0035005', 'GO:0005942', 'GO:0046934', 'GO:0035004', 'GO:0016773', 'GO:0003674', 'GO:0016772', 'GO:0016740', 'GO:0004428', 'GO:0016301', 'GO:0003824', 'GO:0001727', 'GO:0044445', 'GO:0043234', 'GO:0044464', 'GO:0005737', 'GO:0032991', 'GO:0044424', 'GO:0005575', 'GO:0005829', 'GO:0005622', 'GO:0044444', 'GO:0005623', 'GO:0016307', 'GO:0016020']
250: ['GO:0016303', 'GO:0005886', 'GO:0035005', 'GO:0046934', 'GO:0005942', 'GO:0044445', 'GO:0043234', 'GO:0044464', 'GO:0005737', 'GO:0032991', 'GO:0044424', 'GO:0005575', 'GO:0005829', 'GO:0005622', 'GO:0044444', 'GO:0005623', 'GO:0035004', 'GO:0016773', 'GO:0003674', 'GO:0016772', 'GO:0016740', 'GO:0004428', 'GO:0016301', 'GO:0003824', 'GO:0001727', 'GO:0016307', 'GO:0016020']
251: ['GO:0016303', 'GO:0046934', 'GO:0005942', 'GO:0005886', 'GO:0035005', 'GO:0016307', 'GO:0035004', 'GO:0004428', 'GO:0016740', 'GO:0016301', 'GO:0016773', 'GO:0003674', 'GO:0016772', 'GO:0003824', 'GO:0001727', 'GO:0016020', 'GO:0005623', 'GO:0044464', 'GO:0005575', 'GO:0044445', 'GO:0043234', 'GO:0005737', 'GO:0032991', 'GO:0044424', 'GO:0005829', 'GO:0005622', 'GO:0044444']
252: ['GO:0016303', 'GO:0035005', 'GO:0005886', 'GO:0005942', 'GO:0046934', 'GO:0035004', 'GO:0016773', 'GO:0003674', 'GO:0016772', 'GO:0016740', 'GO:0004428', 'GO:0016301', 'GO:0003824', 'GO:0001727', 'GO:0044445', 'GO:0043234', 'GO:0044464', 'GO:0005737', 'GO:0032991', 'GO:0044424', 'GO:0005575', 'GO:0005829', 'GO:0005622', 'GO:0044444', 'GO:0005623', 'GO:0016020', 'GO:0016307']
253: []
254: ['GO:0046934', 'GO:0005886', 'GO:0016303', 'GO:0035005', 'GO:0005942', 'GO:0044445', 'GO:0043234', 'GO:0044464', 'GO:0005737', 'GO:0032991', 'GO:0044424', 'GO:0005575', 'GO:0005829', 'GO:0005622', 'GO:0044444', 'GO:0005623', 'GO:0016307', 'GO:0035004', 'GO:0004428', 'GO:0016740', 'GO:0016301', 'GO:0016773', 'GO:0003674', 'GO:0016772', 'GO:0003824', 'GO:0001727', 'GO:0016020']
255: ['GO:0035005', 'GO:0005942', 'GO:0016303', 'GO:0046934', 'GO:0005886', 'GO:0016020', 'GO:0005623', 'GO:0044464', 'GO:0005575', 'GO:0035004', 'GO:0016773', 'GO:0003674', 'GO:0016772', 'GO:0016740', 'GO:0004428', 'GO:0016301', 'GO:0003824', 'GO:0001727', 'GO:0044445', 'GO:0043234', 'GO:0005737', 'GO:0032991', 'GO:0044424', 'GO:0005829', 'GO:0005622', 'GO:0044444', 'GO:0016307']
256: []
257: ['GO:0005886', 'GO:0016303', 'GO:0046934', 'GO:0035005', 'GO:0005942', 'GO:0044445', 'GO:0043234', 'GO:0044464', 'GO:0005737', 'GO:0032991', 'GO:0044424', 'GO:0005575', 'GO:0005829', 'GO:0005622', 'GO:0044444', 'GO:0005623', 'GO:0016307', 'GO:0035004', 'GO:0004428', 'GO:0016740', 'GO:0016301', 'GO:0016773', 'GO:0003674', 'GO:0016772', 'GO:0003824', 'GO:0001727', 'GO:0016020']
258: ['GO:0005886', 'GO:0035005', 'GO:0005942', 'GO:0046934', 'GO:0016303', 'GO:0035004', 'GO:0001727', 'GO:0016772', 'GO:0003674', 'GO:0016740', 'GO:0003824', 'GO:0016301', 'GO:0004428', 'GO:0016773', 'GO:0044445', 'GO:0043234', 'GO:0044464', 'GO:0005737', 'GO:0032991', 'GO:0044424', 'GO:0005575', 'GO:0005829', 'GO:0005622', 'GO:0044444', 'GO:0005623', 'GO:0016307', 'GO:0016020']
